socialspy: false
timestamps:
  login: 1393623351906
  lastteleport: 1393623602642
  logout: 1393623609240
ipAddress: 67.237.93.255
lastlocation:
  world: world
  x: -456.33138654653465
  y: 66.0
  z: -1474.3990742261872
  yaw: 296.32928
  pitch: 30.776365
logoutlocation:
  world: world
  x: -455.5
  y: 66.0
  z: -1474.5
  yaw: 7.2931824
  pitch: 23.066141
