socialspy: false
timestamps:
  login: 1390189629017
  logout: 1390189631485
ipAddress: 112.207.230.8
lastlocation:
  world: world
  x: -608.0
  y: 64.0
  z: 164.0
  yaw: 0.0
  pitch: 0.0
logoutlocation:
  world: world
  x: -606.5
  y: 64.0
  z: 164.5
  yaw: -92.888596
  pitch: 22.34998
