socialspy: false
timestamps:
  login: 1392594630993
  lastteleport: 1392594662856
ipAddress: 31.220.50.90
lastlocation:
  world: world
  x: -455.1461306530063
  y: 66.0
  z: -1472.642648226421
  yaw: 64.60374
  pitch: 10.199974
