socialspy: false
timestamps:
  login: 1389726648826
ipAddress: 90.195.179.169
lastlocation:
  world: world
  x: -608.0
  y: 64.0
  z: 164.0
  yaw: 0.0
  pitch: 0.0
logoutlocation:
  world: world
  x: -606.4021241217852
  y: 64.0
  z: 164.495069376193
  yaw: -92.888596
  pitch: 22.34998
