socialspy: false
timestamps:
  login: 1392947760620
  lastteleport: 1392947829658
  logout: 1392948026294
ipAddress: 107.199.154.183
lastlocation:
  world: wild
  x: -9945.212784876883
  y: 76.0
  z: 19008.518540631852
  yaw: 305.67407
  pitch: 4.5000057
logoutlocation:
  world: wild
  x: -9985.172937760557
  y: 64.5625
  z: 19193.028229673153
  yaw: 344.0763
  pitch: 8.850045
money: '634.823179071779451'
