socialspy: false
timestamps:
  login: 1392691906282
  logout: 1392691918452
ipAddress: 31.220.50.90
lastlocation:
  world: world
  x: -608.0
  y: 64.0
  z: 164.0
  yaw: 0.0
  pitch: 0.0
logoutlocation:
  world: world
  x: -455.5
  y: 66.0
  z: -1474.5
  yaw: 359.85416
  pitch: 1.0001544
