socialspy: false
timestamps:
  login: 1390530240889
  lastteleport: 1390530168718
  logout: 1390530260918
ipAddress: 75.97.28.132
lastlocation:
  world: world
  x: -600.5434324321662
  y: 56.0
  z: 167.31900902762524
  yaw: -66.78833
  pitch: 0.2999883
logoutlocation:
  world: world
  x: -601.6159726174182
  y: 64.0
  z: 168.30151800823734
  yaw: -69.63858
  pitch: 11.84997
