socialspy: false
timestamps:
  login: 1391916552724
  logout: 1391916814219
ipAddress: 72.76.82.158
logoutlocation:
  world: world
  x: -532.756962996415
  y: 46.0
  z: 142.69999998807907
  yaw: -281.24933
  pitch: 71.4
money: '508.268469581438556'
