socialspy: false
timestamps:
  login: 1391974652969
  lastteleport: 1391973176915
ipAddress: 50.155.57.155
lastlocation:
  world: wild
  x: -2731.2827893560648
  y: 70.0
  z: 387.8493632270795
  yaw: 304.16318
  pitch: 13.184676
money: '5703.700342835274611'
