socialspy: false
timestamps:
  login: 1390272983177
  logout: 1390272985284
  lastteleport: 1390270035563
ipAddress: 184.3.217.49
lastlocation:
  world: world
  x: -583.2217956169051
  y: 66.0
  z: 160.41969777167898
  yaw: -111.63862
  pitch: 14.39998
logoutlocation:
  world: world
  x: -606.0858766294975
  y: 64.0
  z: 164.09560377574527
  yaw: -93.33859
  pitch: 11.099979
money: '100.0'
