socialspy: false
timestamps:
  login: 1391290062030
  logout: 1391290107122
ipAddress: 88.136.39.167
lastlocation:
  world: world
  x: -608.0
  y: 64.0
  z: 164.0
  yaw: 0.0
  pitch: 0.0
logoutlocation:
  world: world
  x: -470.76623318871407
  y: 65.0
  z: -1441.161602607534
  yaw: 205.3038
  pitch: -40.800034
