socialspy: false
timestamps:
  login: 1389803439635
  logout: 1389803447911
ipAddress: 85.76.9.79
lastlocation:
  world: world
  x: -608.0
  y: 64.0
  z: 164.0
  yaw: 0.0
  pitch: 0.0
logoutlocation:
  world: world
  x: -606.4020502492785
  y: 64.0
  z: 164.49686239520088
  yaw: -91.83859
  pitch: 22.499979
