socialspy: false
timestamps:
  login: 1390600782834
  lastteleport: 1390600833088
  logout: 1390600845986
ipAddress: 75.97.28.132
lastlocation:
  world: world
  x: -604.4467791238676
  y: 64.0
  z: 165.22580883958966
  yaw: -42.039047
  pitch: 11.849986
logoutlocation:
  world: world
  x: -606.6925506616365
  y: 64.0
  z: 164.12102480162713
  yaw: -12.683675
  pitch: 22.050003
