socialspy: false
timestamps:
  login: 1389687866742
  logout: 1389687987537
ipAddress: 121.218.134.141
lastlocation:
  world: world
  x: -608.0
  y: 64.0
  z: 164.0
  yaw: 0.0
  pitch: 0.0
logoutlocation:
  world: world
  x: -584.3748584781331
  y: 66.0
  z: 163.0752347233372
  yaw: -141.33861
  pitch: -2.3001432E-5
