socialspy: false
timestamps:
  login: 1389897794541
  logout: 1389898082283
ipAddress: 24.111.238.126
lastlocation:
  world: world
  x: -608.0
  y: 64.0
  z: 164.0
  yaw: 0.0
  pitch: 0.0
logoutlocation:
  world: world
  x: -579.7167291282552
  y: 66.0
  z: 158.1943366578626
  yaw: -322.23856
  pitch: 3.2999878
