socialspy: false
timestamps:
  login: 1389790961257
  kits:
    starter: 1389791012136
    sybermc: 1389791037036
  logout: 1389791307723
ipAddress: 120.89.87.173
lastlocation:
  world: world
  x: -608.0
  y: 64.0
  z: 164.0
  yaw: 0.0
  pitch: 0.0
logoutlocation:
  world: world
  x: -582.7654778105922
  y: 63.0
  z: 188.47946862513282
  yaw: -172.20078
  pitch: 34.705784
