socialspy: false
timestamps:
  login: 1391302890214
  logout: 1391303107221
ipAddress: 172.12.145.231
lastlocation:
  world: world
  x: -608.0
  y: 64.0
  z: 164.0
  yaw: 0.0
  pitch: 0.0
logoutlocation:
  world: world
  x: -424.1561275381461
  y: 65.0
  z: -1456.386799567949
  yaw: -22.246227
  pitch: -63.599995
