socialspy: false
timestamps:
  login: 1392657726930
  logout: 1392657850378
ipAddress: 31.220.50.90
lastlocation:
  world: world
  x: -608.0
  y: 64.0
  z: 164.0
  yaw: 0.0
  pitch: 0.0
logoutlocation:
  world: world
  x: -442.8408246093784
  y: 65.0
  z: -1547.2927569076871
  yaw: 336.25354
  pitch: -21.450006
