socialspy: false
timestamps:
  login: 1393381846083
  logout: 1393381848534
ipAddress: 74.105.161.87
lastlocation:
  world: world
  x: -608.0
  y: 64.0
  z: 164.0
  yaw: 0.0
  pitch: 0.0
logoutlocation:
  world: world
  x: -455.48544720712164
  y: 66.0
  z: -1474.4680734386798
  yaw: 359.95377
  pitch: -10.800025
