socialspy: false
timestamps:
  login: 1392393535653
  logout: 1392393888462
ipAddress: 84.155.211.81
lastlocation:
  world: world
  x: -608.0
  y: 64.0
  z: 164.0
  yaw: 0.0
  pitch: 0.0
logoutlocation:
  world: world
  x: -507.69963847236835
  y: 72.0
  z: -1488.7740510496296
  yaw: -222.64532
  pitch: 61.499985
