socialspy: false
timestamps:
  login: 1389801353862
  logout: 1389801547774
ipAddress: 86.58.37.116
lastlocation:
  world: world
  x: -608.0
  y: 64.0
  z: 164.0
  yaw: 0.0
  pitch: 0.0
logoutlocation:
  world: world
  x: -551.2227560571728
  y: 66.0
  z: 169.28484322290296
  yaw: -265.38965
  pitch: 4.349962
