socialspy: false
timestamps:
  login: 1391565551906
  logout: 1391565637160
ipAddress: 70.40.234.162
lastlocation:
  world: world
  x: -608.0
  y: 64.0
  z: 164.0
  yaw: 0.0
  pitch: 0.0
logoutlocation:
  world: world
  x: -495.5445191510218
  y: 65.0
  z: -1479.281686556141
  yaw: 268.73407
  pitch: -10.760755
