socialspy: false
timestamps:
  login: 1390612939096
  logout: 1390613011812
ipAddress: 69.244.151.129
lastlocation:
  world: world
  x: -608.0
  y: 64.0
  z: 164.0
  yaw: 0.0
  pitch: 0.0
logoutlocation:
  world: world
  x: -587.1893686303636
  y: 64.0
  z: 159.60996713559095
  yaw: -123.488716
  pitch: 2.699977
