socialspy: false
timestamps:
  login: 1389645284708
  logout: 1389645450906
ipAddress: 72.88.215.29
lastlocation:
  world: world
  x: -608.0
  y: 64.0
  z: 164.0
  yaw: 0.0
  pitch: 0.0
logoutlocation:
  world: world
  x: -539.4098440776411
  y: 66.0
  z: 161.15979139386823
  yaw: 178.74142
  pitch: 22.741663
