socialspy: false
timestamps:
  login: 1390549291972
  logout: 1390549306721
ipAddress: 49.147.88.51
lastlocation:
  world: world
  x: -608.0
  y: 64.0
  z: 164.0
  yaw: 0.0
  pitch: 0.0
logoutlocation:
  world: world
  x: -606.5
  y: 64.0
  z: 164.5
  yaw: -98.138596
  pitch: 16.649982
