socialspy: false
timestamps:
  login: 1393215088281
  logout: 1393215104025
ipAddress: 173.70.141.170
lastlocation:
  world: world
  x: -608.0
  y: 64.0
  z: 164.0
  yaw: 0.0
  pitch: 0.0
logoutlocation:
  world: world
  x: -455.48544720712164
  y: 66.0
  z: -1474.4680734386798
  yaw: 352.00394
  pitch: 6.149975
