socialspy: false
timestamps:
  login: 1389644068870
  logout: 1389644112070
ipAddress: 85.245.51.213
lastlocation:
  world: world
  x: -608.0
  y: 64.0
  z: 164.0
  yaw: 0.0
  pitch: 0.0
logoutlocation:
  world: world
  x: -587.22834754602
  y: 66.0
  z: 166.47121661070923
  yaw: -152.1386
  pitch: 19.349981
