socialspy: false
timestamps:
  login: 1389808046784
  lastteleport: 1389808410035
  logout: 1389808489280
ipAddress: 109.58.148.86
lastlocation:
  world: world
  x: -603.5145580440824
  y: 64.0
  z: 162.80379517287335
  yaw: -119.43872
  pitch: 4.949959
logoutlocation:
  world: world
  x: -547.3707402794981
  y: 73.0
  z: 169.37229621206205
  yaw: -214.8386
  pitch: 28.649958
