socialspy: false
timestamps:
  login: 1390877835743
  logout: 1390877871004
ipAddress: 70.44.12.75
lastlocation:
  world: world
  x: -608.0
  y: 64.0
  z: 164.0
  yaw: 0.0
  pitch: 0.0
logoutlocation:
  world: world
  x: -455.9138375681052
  y: 66.0
  z: -1472.8275240795772
  yaw: 327.5713
  pitch: -6.6611805
