spawns: 
  default: 
    world: world
    x: -455.48544720712164
    y: 66.0
    z: -1474.4680734386798
    yaw: 359.3538
    pitch: 0.74997437
