spawns: 
  default: 
    world: Spawn
    x: 0.4369668257534758
    y: 65.0
    z: 0.4076229143252059
    yaw: 1.0499268
    pitch: -4.199996
