world: FlatLand
x: 11.387806920723184
y: 5.0
z: -2119.2704174321298
yaw: -175.19998
pitch: -2.3998733
name: flat
