world: world
x: 249.44204804958005
y: 56.0
z: 275.2982667923611
yaw: -180.43352
pitch: 5.550017
name: jail
