world: world
x: 626.2754369381814
y: 68.0
z: 1150.1902172090897
yaw: -156.86334
pitch: 0.8060273
name: nature
