world: PlotMe
x: 0.5382547951403421
y: 65.0
z: 0.46309422547196766
yaw: -271.1997
pitch: 1.0500076
name: plotme
