world: world
x: 616.6856792852119
y: 68.0
z: 1156.3733628945488
yaw: 269.86084
pitch: 9.5999775
name: Spawn2
