world: world
x: 195.49613797559053
y: 114.5
z: 240.3000000119209
yaw: -0.6015379
pitch: 1.4999683
name: spawn
