world: world
x: 42.463087405862204
y: 21.0
z: 809.0614480380482
yaw: 82.047
pitch: 12.1500025
name: StrongHolem
