world: wild
x: -9929.015823682277
y: 77.0
z: 19947.72154057094
yaw: -112.50007
pitch: 3.6000037
name: birchforest
