world: wild
x: -2741.1381360705523
y: 64.0
z: 253.68969888274842
yaw: -235.80089
pitch: 9.600036
name: darkforest
