world: wild
x: 1657.340765430704
y: 70.0
z: 1994.790795044844
yaw: -20.699762
pitch: 10.800011
name: desert
