world: world
x: -651.444085159013
y: 29.0
z: 191.4579118229494
yaw: 181.5581
pitch: 1.3499941
name: help
