world: wild
x: 1093.4929854206757
y: 83.0
z: 1087.2059862354527
yaw: -84.44979
pitch: 11.700021
name: megataiga
