world: world
x: -455.1963156323435
y: 102.0
z: -1473.4212503427534
yaw: 268.90372
pitch: -0.4500545
name: menu
