world: world_nether
x: -2.5
y: 62.875
z: 5.836426096375307
yaw: 111.15001
pitch: -1.835823E-6
name: nether
