world: wild
x: 91.98015444865445
y: 63.0
z: -2058.746480369755
yaw: -137.69989
pitch: -11.700032
name: ocean
