world: world
x: -428.1157014213648
y: 51.0
z: 516.3432123276945
yaw: -2.7385745
pitch: -0.8999816
name: pvp
