world: wild
x: 18.89472561443214
y: 72.0
z: 598.6073873595705
yaw: 50.250153
pitch: 12.74995
name: snow
