world: wild
x: -791.3668180107325
y: 67.0
z: -903.0841717742358
yaw: 164.25098
pitch: 14.249941
name: swamp
