world: wild
x: -50189.79207111201
y: 76.0
z: -50201.11057459217
yaw: -307.94998
pitch: 3.5999892
name: taiga
