socialspy: false
timestamps:
  login: 1390829957405
  logout: 1390829962556
ipAddress: 119.95.240.199
lastlocation:
  world: world
  x: 195.0
  y: 114.0
  z: 240.0
  yaw: 0.0
  pitch: 0.0
logoutlocation:
  world: world
  x: 195.5
  y: 114.0
  z: 240.5
  yaw: -0.6015379
  pitch: 1.4999683
