socialspy: false
timestamps:
  login: 1391231386373
  logout: 1391231407619
ipAddress: 76.2.48.136
lastlocation:
  world: world
  x: 195.0
  y: 114.0
  z: 240.0
  yaw: 0.0
  pitch: 0.0
logoutlocation:
  world: world
  x: 195.5016676429077
  y: 114.0
  z: 240.6425699966584
  yaw: -1.0515379
  pitch: 2.9999685
