socialspy: false
timestamps:
  login: 1392408877786
  logout: 1392408904192
ipAddress: 99.246.237.162
lastlocation:
  world: world
  x: 195.0
  y: 114.0
  z: 240.0
  yaw: 0.0
  pitch: 0.0
logoutlocation:
  world: world
  x: 180.37623615102217
  y: 114.0
  z: 240.04476326081078
  yaw: 85.198425
  pitch: -2.6999648
