socialspy: false
timestamps:
  login: 1393623616912
  logout: 1393623668412
ipAddress: 67.237.93.255
lastlocation:
  world: world
  x: 195.0
  y: 114.0
  z: 240.0
  yaw: 0.0
  pitch: 0.0
logoutlocation:
  world: world
  x: 561.8389707187922
  y: 85.69994292020864
  z: 1189.90430888198
  yaw: -105.007904
  pitch: 38.997257
