socialspy: false
timestamps:
  login: 1389813372903
  logout: 1389813499906
  lastteleport: 1389812987706
ipAddress: 94.65.181.121
lastlocation:
  world: world
  x: 195.47097428551905
  y: 64.0
  z: 240.33347138752353
  yaw: 187.9483
  pitch: 9.000001
logoutlocation:
  world: world
  x: 196.26772320193396
  y: 64.0
  z: 239.04230415930743
  yaw: -179.85167
  pitch: 27.000008
