socialspy: false
timestamps:
  login: 1390060405898
  logout: 1390060408771
ipAddress: 105.236.89.54
logoutlocation:
  world: world
  x: 195.49613797559053
  y: 114.5
  z: 240.3000000119209
  yaw: -0.6015379
  pitch: 1.4999683
