socialspy: false
timestamps:
  login: 1391382743841
  logout: 1391382752586
ipAddress: 172.12.145.231
lastlocation:
  world: world
  x: 195.0
  y: 114.0
  z: 240.0
  yaw: 0.0
  pitch: 0.0
logoutlocation:
  world: world
  x: 195.5
  y: 114.0
  z: 240.5
  yaw: 5.548462
  pitch: 1.7999682
