socialspy: false
timestamps:
  login: 1392344132553
  logout: 1392344155204
ipAddress: 98.221.48.91
lastlocation:
  world: world
  x: 195.0
  y: 114.0
  z: 240.0
  yaw: 0.0
  pitch: 0.0
logoutlocation:
  world: world
  x: 179.20480755720334
  y: 114.0
  z: 240.50965380765908
  yaw: -253.05156
  pitch: -10.050043
