socialspy: false
timestamps:
  login: 1390275098599
  logout: 1390275125165
ipAddress: 75.109.34.18
lastlocation:
  world: world
  x: 195.0
  y: 114.0
  z: 240.0
  yaw: 0.0
  pitch: 0.0
logoutlocation:
  world: world
  x: 195.50125822237808
  y: 114.0
  z: 240.30000001192093
  yaw: -8.701538
  pitch: 4.3499684
