socialspy: false
timestamps:
  login: 1390860916670
  logout: 1390860949239
ipAddress: 93.143.153.209
lastlocation:
  world: world
  x: 195.0
  y: 114.0
  z: 240.0
  yaw: 0.0
  pitch: 0.0
logoutlocation:
  world: world
  x: 203.9708459460975
  y: 115.0
  z: 231.83045710784802
  yaw: 8.698461
  pitch: -25.200052
