socialspy: false
timestamps:
  login: 1389816734381
  logout: 1389816757787
ipAddress: 108.41.5.139
logoutlocation:
  world: world
  x: 204.9693468639585
  y: 64.0
  z: 229.31120220289284
  yaw: 238.24667
  pitch: 11.151948
