socialspy: false
timestamps:
  login: 1390003903829
  logout: 1390003906563
ipAddress: 31.52.95.127
lastlocation:
  world: world
  x: 195.0
  y: 114.0
  z: 240.0
  yaw: 0.0
  pitch: 0.0
logoutlocation:
  world: world
  x: 195.49613797559053
  y: 114.5
  z: 240.3000000119209
  yaw: -0.90153784
  pitch: 1.4999683
