socialspy: false
timestamps:
  login: 1389873569877
  logout: 1389874082082
ipAddress: 112.206.12.60
logoutlocation:
  world: world
  x: -328.29663713533125
  y: 69.39760852858183
  z: 15.837338065916747
  yaw: -254.75616
  pitch: 78.5128
