socialspy: false
timestamps:
  login: 1393706095406
  logout: 1393706105107
  lastteleport: 1392250529358
ipAddress: 67.237.93.255
lastlocation:
  world: world
  x: 195.0
  y: 114.0
  z: 240.0
  yaw: 0.0
  pitch: 0.0
logoutlocation:
  world: Spawn
  x: 0.3298643410783515
  y: 65.0
  z: 31.091789020932406
  yaw: 1.0499268
  pitch: -4.649996
