socialspy: false
timestamps:
  login: 1391984533767
  logout: 1391984561547
ipAddress: 172.12.145.231
lastlocation:
  world: world
  x: 195.0
  y: 114.0
  z: 240.0
  yaw: 0.0
  pitch: 0.0
logoutlocation:
  world: world
  x: 195.49613797559053
  y: 114.9
  z: 240.3000000119209
  yaw: -0.6015379
  pitch: 1.4999683
