socialspy: false
timestamps:
  login: 1393600884037
  logout: 1393601261837
ipAddress: 67.237.93.255
lastlocation:
  world: world
  x: 195.0
  y: 114.0
  z: 240.0
  yaw: 0.0
  pitch: 0.0
logoutlocation:
  world: world
  x: 826.9650850732985
  y: 64.0
  z: 668.3000000119207
  yaw: 274.96106
  pitch: 43.049995
