socialspy: false
timestamps:
  login: 1393632663212
  logout: 1393632680912
ipAddress: 67.237.93.255
lastlocation:
  world: world
  x: 195.0
  y: 114.0
  z: 240.0
  yaw: 0.0
  pitch: 0.0
logoutlocation:
  world: Spawn
  x: 0.29759114216051297
  y: 65.0
  z: 31.144872921464575
  yaw: -1.4122825
  pitch: 51.90682
