socialspy: false
timestamps:
  login: 1390183603750
  logout: 1390183627658
ipAddress: 202.128.93.52
lastlocation:
  world: world
  x: 195.0
  y: 114.0
  z: 240.0
  yaw: 0.0
  pitch: 0.0
logoutlocation:
  world: world
  x: 195.63868200984783
  y: 113.53584062504456
  z: 272.5406583936616
  yaw: -0.6015379
  pitch: 1.4999683
