socialspy: false
timestamps:
  login: 1390326380197
  logout: 1390326429673
ipAddress: 185.6.154.4
logoutlocation:
  world: world
  x: 194.90403764436536
  y: 114.0
  z: 270.5894034977716
  yaw: -3.0010986
  pitch: 1.0500075
