socialspy: false
timestamps:
  login: 1391797722690
  logout: 1391797730676
ipAddress: 46.9.160.100
lastlocation:
  world: world
  x: 195.0
  y: 114.0
  z: 240.0
  yaw: 0.0
  pitch: 0.0
logoutlocation:
  world: world
  x: 195.50102410535328
  y: 114.0
  z: 240.64258208392167
  yaw: 1.9417216
  pitch: 5.4561496
