socialspy: false
timestamps:
  login: 1391565939995
  logout: 1391565955996
ipAddress: 70.40.234.162
lastlocation:
  world: world
  x: 195.0
  y: 114.0
  z: 240.0
  yaw: 0.0
  pitch: 0.0
logoutlocation:
  world: world
  x: 195.6268524129981
  y: 114.0
  z: 264.5974070088585
  yaw: -1.4702743
  pitch: -6.8073206
