socialspy: false
timestamps:
  login: 1391290257180
  logout: 1391290277444
ipAddress: 88.136.39.167
lastlocation:
  world: world
  x: 195.0
  y: 114.0
  z: 240.0
  yaw: 0.0
  pitch: 0.0
logoutlocation:
  world: world
  x: 194.52031559260718
  y: 114.0
  z: 271.00440259784335
  yaw: -9.901546
  pitch: 43.34995
