socialspy: false
timestamps:
  login: 1391953344918
  logout: 1391953353083
ipAddress: 80.184.100.205
lastlocation:
  world: world
  x: 195.0
  y: 114.0
  z: 240.0
  yaw: 0.0
  pitch: 0.0
logoutlocation:
  world: world
  x: 195.5
  y: 114.0
  z: 240.5
  yaw: -0.6015379
  pitch: 1.4999683
