socialspy: false
timestamps:
  login: 1392166379419
  logout: 1392166381338
ipAddress: 72.92.81.192
lastlocation:
  world: world
  x: 195.0
  y: 114.0
  z: 240.0
  yaw: 0.0
  pitch: 0.0
logoutlocation:
  world: world
  x: 195.5
  y: 114.0
  z: 240.5
  yaw: -0.75153786
  pitch: 1.6499683
