socialspy: false
timestamps:
  login: 1389867812122
  logout: 1389867851728
ipAddress: 211.24.93.150
logoutlocation:
  world: world
  x: 177.69017974686844
  y: 117.1116330269739
  z: 238.9837859358286
  yaw: -268.35153
  pitch: 12.749982
