socialspy: false
timestamps:
  login: 1393610436587
  logout: 1393610474338
ipAddress: 67.237.93.255
lastlocation:
  world: world
  x: 195.0
  y: 114.0
  z: 240.0
  yaw: 0.0
  pitch: 0.0
logoutlocation:
  world: Spawn
  x: -4.903995487467933
  y: 65.0
  z: -8.247781505705795
  yaw: -132.75003
  pitch: 15.6
