socialspy: false
timestamps:
  login: 1389898015763
  logout: 1389898130455
ipAddress: 24.111.238.126
logoutlocation:
  world: world
  x: -63.93785679250902
  y: 90.0
  z: 246.3479624181976
  yaw: -147.15149
  pitch: -17.699999
