socialspy: false
timestamps:
  login: 1390323371807
  logout: 1390323379513
ipAddress: 173.95.180.6
lastlocation:
  world: world
  x: 195.0
  y: 114.0
  z: 240.0
  yaw: 0.0
  pitch: 0.0
logoutlocation:
  world: world
  x: 195.28718747452984
  y: 114.0
  z: 269.9904813213056
  yaw: -5.4015355
  pitch: 71.69996
