socialspy: false
timestamps:
  login: 1390234088430
ipAddress: 76.177.1.228
lastlocation:
  world: world
  x: 195.0
  y: 114.0
  z: 240.0
  yaw: 0.0
  pitch: 0.0
logoutlocation:
  world: world
  x: 900.3410605672808
  y: 71.0
  z: 590.329254637938
  yaw: -87.419464
  pitch: 27.899914
