socialspy: false
timestamps:
  login: 1391389906810
ipAddress: 172.12.145.231
lastlocation:
  world: world
  x: 195.0
  y: 114.0
  z: 240.0
  yaw: 0.0
  pitch: 0.0
logoutlocation:
  world: world
  x: 194.34776971098245
  y: 114.78502770378924
  z: 272.3168455302796
  yaw: 3.2984738
  pitch: -9.300032
