socialspy: false
timestamps:
  login: 1391303087848
  logout: 1391303104449
ipAddress: 172.12.145.231
lastlocation:
  world: world
  x: 195.0
  y: 114.0
  z: 240.0
  yaw: 0.0
  pitch: 0.0
logoutlocation:
  world: world
  x: 195.57425180930295
  y: 114.0
  z: 271.7260658799661
  yaw: -0.6015379
  pitch: 1.4999683
