socialspy: false
timestamps:
  login: 1393865856969
  logout: 1393865933269
ipAddress: 67.237.93.255
lastlocation:
  world: world
  x: 195.0
  y: 114.0
  z: 240.0
  yaw: 0.0
  pitch: 0.0
logoutlocation:
  world: Spawn
  x: 0.405789160622113
  y: 64.53584062504456
  z: 30.687115138600365
  yaw: 7.6497226
  pitch: 90.0
