socialspy: false
timestamps:
  login: 1390082102705
  logout: 1390082248278
ipAddress: 67.175.202.18
lastlocation:
  world: world
  x: 195.0
  y: 114.0
  z: 240.0
  yaw: 0.0
  pitch: 0.0
logoutlocation:
  world: PlotMe
  x: -1117.1632525779544
  y: 65.0
  z: -1087.4930822344857
  yaw: -232.6499
  pitch: 22.349993
