socialspy: false
timestamps:
  login: 1393594802111
  logout: 1393594821211
ipAddress: 67.237.93.255
lastlocation:
  world: world
  x: 195.0
  y: 114.0
  z: 240.0
  yaw: 0.0
  pitch: 0.0
logoutlocation:
  world: Spawn
  x: 0.4676996236667037
  y: 66.0
  z: 4.366911808356176
  yaw: -6.2446585
  pitch: 6.314721
