socialspy: false
timestamps:
  login: 1390091410651
  logout: 1390091413854
ipAddress: 105.236.89.54
lastlocation:
  world: world
  x: 195.0
  y: 114.0
  z: 240.0
  yaw: 0.0
  pitch: 0.0
logoutlocation:
  world: world
  x: 195.49613797559053
  y: 114.5
  z: 240.3000000119209
  yaw: -0.6015379
  pitch: 1.4999683
