socialspy: false
timestamps:
  login: 1391136461318
  logout: 1391136462118
ipAddress: 116.87.59.95
lastlocation:
  world: world
  x: 195.0
  y: 114.0
  z: 240.0
  yaw: 0.0
  pitch: 0.0
logoutlocation:
  world: world
  x: 195.5
  y: 114.0
  z: 240.5
  yaw: -0.6015379
  pitch: 1.4999683
