socialspy: false
timestamps:
  login: 1390056388272
  logout: 1390056412969
ipAddress: 95.150.201.159
lastlocation:
  world: world
  x: 195.0
  y: 114.0
  z: 240.0
  yaw: 0.0
  pitch: 0.0
logoutlocation:
  world: world
  x: 195.4971620809438
  y: 114.65
  z: 240.44258209584257
  yaw: -0.6015379
  pitch: 1.4999683
