socialspy: false
timestamps:
  login: 1391518335134
  logout: 1391518577844
ipAddress: 152.26.52.55
logoutlocation:
  world: world
  x: 194.43060974812403
  y: 114.0
  z: 271.42377982499613
  yaw: -358.05176
  pitch: 20.99998
