socialspy: false
timestamps:
  login: 1392443381067
  logout: 1392443386318
  lastteleport: 1392435049592
ipAddress: 69.68.64.136
logoutlocation:
  world: world
  x: 195.0
  y: 114.0
  z: 240.0
  yaw: 0.0
  pitch: 0.0
lastlocation:
  world: FlatLand
  x: 28.91068423199718
  y: 35.73935596545438
  z: -2113.671134691033
  yaw: -31.650003
  pitch: 56.1
