socialspy: false
timestamps:
  login: 1390062785561
  logout: 1390063040873
ipAddress: 82.15.96.235
lastlocation:
  world: world
  x: 195.0
  y: 114.0
  z: 240.0
  yaw: 0.0
  pitch: 0.0
logoutlocation:
  world: world
  x: 857.6526993453998
  y: 93.35048744291286
  z: 138.534480284672
  yaw: 260.84875
  pitch: 52.049988
