socialspy: false
timestamps:
  login: 1390154746728
  lastteleport: 1390154806498
  logout: 1390154874162
ipAddress: 173.252.39.75
lastlocation:
  world: world
  x: 184.31050915099607
  y: 90.85626966442281
  z: 57.520715047222474
  yaw: 179.39851
  pitch: 5.249961
logoutlocation:
  world: world
  x: 655.4359023738681
  y: 102.95167003278736
  z: -1081.7251353194954
  yaw: -169.6516
  pitch: 23.999992
