socialspy: false
timestamps:
  login: 1393894470428
  logout: 1393894523631
ipAddress: 74.105.162.216
lastlocation:
  world: world
  x: 195.0
  y: 114.0
  z: 240.0
  yaw: 0.0
  pitch: 0.0
logoutlocation:
  world: Spawn
  x: 0.6779345696111774
  y: 66.0
  z: 7.0212230406665626
  yaw: 180.74957
  pitch: 17.550016
