socialspy: false
timestamps:
  login: 1390839858703
  logout: 1390839860203
ipAddress: 203.106.151.78
lastlocation:
  world: world
  x: 195.0
  y: 114.0
  z: 240.0
  yaw: 0.0
  pitch: 0.0
logoutlocation:
  world: world
  x: 195.5
  y: 114.0
  z: 240.5
  yaw: -0.6015379
  pitch: 1.4999683
