socialspy: false
timestamps:
  login: 1390063398527
  logout: 1390063404150
ipAddress: 209.222.18.19
lastlocation:
  world: world
  x: 195.0
  y: 114.0
  z: 240.0
  yaw: 0.0
  pitch: 0.0
logoutlocation:
  world: world
  x: 195.49613797559053
  y: 114.5
  z: 240.3000000119209
  yaw: -11.701538
  pitch: 2.0999682
