socialspy: false
timestamps:
  login: 1390011617719
  logout: 1390011627523
ipAddress: 97.125.160.70
lastlocation:
  world: world
  x: 195.0
  y: 114.0
  z: 240.0
  yaw: 0.0
  pitch: 0.0
logoutlocation:
  world: world
  x: 195.3877184634065
  y: 114.0
  z: 270.5681053236215
  yaw: -159.87096
  pitch: 27.305489
