socialspy: false
timestamps:
  login: 1389993237053
  logout: 1389993262863
ipAddress: 78.149.32.29
lastlocation:
  world: world
  x: 198.5
  y: 115.0
  z: 241.5
  yaw: 0.0
  pitch: 0.0
logoutlocation:
  world: world
  x: 195.75259212761804
  y: 114.0
  z: 270.28371618561596
  yaw: 2.2484598
  pitch: 43.649975
