socialspy: false
timestamps:
  login: 1393653530613
  logout: 1393653550912
ipAddress: 67.237.93.255
lastlocation:
  world: world
  x: 195.0
  y: 114.0
  z: 240.0
  yaw: 0.0
  pitch: 0.0
logoutlocation:
  world: Spawn
  x: 0.5014149033231661
  y: 65.0
  z: 30.237560526163943
  yaw: 2.2499263
  pitch: 26.700005
