socialspy: false
timestamps:
  login: 1392438007901
  logout: 1392438019617
ipAddress: 50.155.57.155
lastlocation:
  world: world
  x: 195.0
  y: 114.0
  z: 240.0
  yaw: 0.0
  pitch: 0.0
logoutlocation:
  world: world
  x: 195.49613797559053
  y: 114.5
  z: 240.3000000119209
  yaw: -19.598017
  pitch: 19.125566
