socialspy: false
timestamps:
  login: 1393788812133
  logout: 1393789655225
ipAddress: 67.237.93.255
lastlocation:
  world: world
  x: 195.0
  y: 114.0
  z: 240.0
  yaw: 0.0
  pitch: 0.0
logoutlocation:
  world: PlotMe
  x: 32.173893995179405
  y: 83.66758303308883
  z: -134.8951154656577
  yaw: 170.9992
  pitch: 48.74993
