socialspy: false
timestamps:
  login: 1392146221710
  lastteleport: 1390854690214
  logout: 1392146239558
ipAddress: 41.248.99.126
lastlocation:
  world: world
  x: 654.0359541157293
  y: 106.33303319927647
  z: 1149.7636237925753
  yaw: 142.83043
  pitch: 55.5
logoutlocation:
  world: world
  x: 195.56354542276588
  y: 117.1116330269739
  z: 273.22794944721477
  yaw: -0.6015379
  pitch: 1.4999683
nickname: Calvinator11
