socialspy: false
timestamps:
  login: 1393653743563
  logout: 1393653755912
ipAddress: 67.237.93.255
lastlocation:
  world: world
  x: 195.0
  y: 114.0
  z: 240.0
  yaw: 0.0
  pitch: 0.0
logoutlocation:
  world: Spawn
  x: 0.5
  y: 65.0
  z: 0.5
  yaw: -7.050073
  pitch: -3.1499958
