socialspy: false
timestamps:
  login: 1390877915367
  logout: 1390878047948
ipAddress: 31.220.50.90
lastlocation:
  world: world
  x: 195.0
  y: 114.0
  z: 240.0
  yaw: 0.0
  pitch: 0.0
logoutlocation:
  world: world
  x: 195.7099934811222
  y: 114.7531999805212
  z: 274.6027582592317
  yaw: 11.096488
  pitch: 69.05551
