socialspy: false
timestamps:
  login: 1391727923423
  logout: 1391727965628
  lastteleport: 1391572517596
ipAddress: 50.155.57.155
lastlocation:
  world: world
  x: 195.2937961517582
  y: 114.60078933521861
  z: 261.28534060233113
  yaw: -5.4436035
  pitch: 3.8396168
logoutlocation:
  world: world
  x: 196.66385626587183
  y: 114.79853154784311
  z: 269.8821752256453
  yaw: -254.32574
  pitch: 14.368137
