socialspy: false
timestamps:
  login: 1391565972751
  logout: 1391565991019
ipAddress: 70.40.234.162
lastlocation:
  world: world
  x: 195.0
  y: 114.0
  z: 240.0
  yaw: 0.0
  pitch: 0.0
logoutlocation:
  world: world
  x: 195.3546772681948
  y: 114.0
  z: 253.70217037361246
  yaw: 2.27615
  pitch: 0.3597524
