socialspy: false
timestamps:
  login: 1392341395286
  logout: 1392341406737
  lastteleport: 1391977804536
ipAddress: 50.155.57.155
lastlocation:
  world: world
  x: 616.8179679299146
  y: 68.0
  z: 1156.302482237799
  yaw: -187.44476
  pitch: -4.037866
logoutlocation:
  world: world
  x: 195.41986428208418
  y: 117.00696396640637
  z: 269.61180702630685
  yaw: 151.56606
  pitch: 1.1082791
