socialspy: false
timestamps:
  login: 1390937504224
  logout: 1390937509453
ipAddress: 98.253.8.118
lastlocation:
  world: world
  x: 195.0
  y: 114.0
  z: 240.0
  yaw: 0.0
  pitch: 0.0
logoutlocation:
  world: world
  x: 195.5
  y: 114.0
  z: 240.5
  yaw: -7.0515375
  pitch: 6.749968
