socialspy: false
timestamps:
  login: 1391285177988
  logout: 1391285361012
ipAddress: 108.89.116.25
logoutlocation:
  world: world
  x: 180.66948690104803
  y: 114.0
  z: 241.14435304075582
  yaw: -75.90106
  pitch: 14.849963
