socialspy: false
timestamps:
  login: 1391331837316
  logout: 1391331837923
ipAddress: 217.122.90.244
lastlocation:
  world: world
  x: 195.0
  y: 114.0
  z: 240.0
  yaw: 0.0
  pitch: 0.0
logoutlocation:
  world: world
  x: 195.5
  y: 114.0
  z: 240.5
  yaw: -1.6515379
  pitch: 1.1999683
