socialspy: false
timestamps:
  login: 1392353022826
  logout: 1392353026579
ipAddress: 76.186.236.40
lastlocation:
  world: world
  x: 195.0
  y: 114.0
  z: 240.0
  yaw: 0.0
  pitch: 0.0
logoutlocation:
  world: world
  x: 195.5
  y: 114.0
  z: 240.5
  yaw: -0.6015379
  pitch: 1.3499683
