socialspy: false
timestamps:
  login: 1390232061537
  logout: 1390232111252
ipAddress: 74.14.152.207
lastlocation:
  world: world
  x: 195.0
  y: 114.0
  z: 240.0
  yaw: 0.0
  pitch: 0.0
logoutlocation:
  world: world
  x: 212.06352993825286
  y: 118.61239068315479
  z: 244.61132928578232
  yaw: -271.49933
  pitch: -4.457842
