socialspy: false
timestamps:
  login: 1391878765542
  logout: 1391878963601
ipAddress: 92.37.67.32
lastlocation:
  world: world
  x: 195.0
  y: 114.0
  z: 240.0
  yaw: 0.0
  pitch: 0.0
logoutlocation:
  world: world
  x: 929.2413722827882
  y: 70.0
  z: 1107.6612606973702
  yaw: -101.81967
  pitch: 28.800005
